149
101
94
71
73
58
125
45
829
596
536
347
181
100
328
127
145
271
36
235
291
305
466
94
84
66
269
190
42
370
323
305
269
156
922
306
14
343
137
550
463
272
230
63
199
710
435
278
253
234
323
237
94
317
104
158
329
317
332
335
232
405
527
335
269
119
1778
314
242
169
150
314
293
314
54
28
182
164
185
335
114
77
88
50
77
61
278
26
200
161
286
270
149
83
1179
4888
7
75
1382
8
311
123
106
317
332
200
158
179
268
360
1861
1179
83
248
326
323
546
239
320
152
8
897
97
932
212
137
512
160
198
196
317
289
90
66
72
1050
171
271
63
156
94
260
193
317
289
90
66
63
201
1047
171
244
63
156
94
203
115
317
289
90
66
65
94
26
94
317
211
381
185
46
239
98
1622
1622
916
212
187
78
25
7
86
157
61
191
909
212
82
78
39
86
154
61
191
561
111
175
80
78
58
89
144
49
89
98
56
92
78
34
73
45
115
51
89
58
406
46
92
83
35
86
83
80
41
77
102
67
86
79
54
90
94
65
160
140
65
94
90
54
44
79
67
1218
77
41
80
83
86
421
129
151
80
82
115
112
145
117
64
42
74
88
138
102
190
317
116
126
92
118
96
134
50
71
79
93
191
77
172
90
146
263
130
96
89
200
414
194
179
244
138
84
91
104
227
24
93
75
91
42
821
177
39
127
534
1586
88
55
142
224
311
251
299
203
314
463
59
69
271
171
201
159
7
96
68
65
53
170
158
47
340
539
649
76
74
43
177
59
39
63
107
19
74
82
225
99
86
835
443
75
160
71
232
370
260
126
224
820
52
43
1790
609
115
87
45
101
164
5
1129
547
215
211
122
100
186
85
71
107
201
2927
989
866
1226
512
584
23
176
712
728
179
185
73
171
226
49
144
95
32
58
222
162
481
1553
3869
479
134
102
46
40
224
148
115
72
154
56
99
128
408
88
93
95
63
59
98
42
61
103
72
64
34
111
84
125
50
95
83
133
57
83
156
58
209
1805
356
66
81
52
49
115
100
133
124
39
93
353
1075
117
656
139
24
1748
459
421
820
336
566
500
2404
81
796
61
274
19
27
923
554
578
679
294
1046
120
100
537
382
107
623
84
271
291
596
12
112
317
197
157
112
590
24
306
237
112
298
17
27
41
157
112
423
2447
589
835
241
257
809
396
69
110
352
2473
152
167
507
22
192
173
62
377
67
189
122
73
1304
41
29
1115
692
818
288
199
27
226
76
39
23
104
250
36
592
351
752
785
699
118
126
67
49
810
386
154
76
72
170
131
202
515
86
91
29
536
16
198
221
133
249
140
221
262
434
109
169
193
194
257
201
240
131
234
1817
73
1422
1934
455
86
119
182
1208
118
897
34
148
203
112
887
3737
1127
132
82
713
512
233
199
1084
85
1229
1625
1475
246
313
488
112
219
629
156
151
312
314
538
324
101
136
296
102
547
367
3496
57
130
116
250
101
211
70
196
18
181
80
215
208
87
103
111
1103
261
56
227
141
322
316
112
72
49
295
194
66
24
107
84
294
45
266
281
36
5
157
36
5
164
77
227
115
88
201
6
227
72
113
201
223
173
3732
6
227
72
128
201
174
163
200
50
905
758
219
243
228
128
417
331
149
177
182
267
173
1722
139
21
140
1970
239
1028
204
70
2300
6
322
432
100
63
74
177
7
207
46
53
134
93
112
269
68
315
123
180
1631
129
98
69
153
77
89
96
59
231
588
97
75
181
56
113
59
156
90
77
1695
290
342
65
97
99
933
225
243
115
209
488
131
1316
893
952
180
21
73
158
110
102
132
47
53
145
70
309
105
45
275
94
67
155
27
47
53
157
49
86
175
33
83
282
58
166
59
123
101
249
498
124
176
60
159
165
322
300
320
95
168
25
230
1079
602
351
126
647
267
941
560
392
108
408
99
236
66
90
159
54
136
260
94
47
53
386
189
7
47
53
157
46
137
74
126
88
375
76
165
42
424
7
60
42
384
74
126
88
10
291
275
245
72
139
209
108
52
105
337
55
58
109
48
259
27
2214
342
300
395
61
118
113
1712
29
22
57
100
215
50
182
537
92
85
258
109
116
230
315
92
73
78
1083
137
63
100
79
66
62
41
61
126
82
126
54
97
82
40
198
181
83
50
140
281
50
215
100
96
80
139
156
64
360
54
81
90
113
166
86
73
68
181
65
51
52
95
71
72
52
107
526
131
429
133
283
748
105
97
182
397
48
92
1006
133
55
77
131
84
133
155
101
119
142
111
116
89
119
43
68
90
125
85
50
80
60
191
83
113
50
164
1389
163
45
208
236
249
41
74
109
108
138
66
127
97
86
469
563
122
99
67
113
70
80
115
112
184
119
42
131
82
138
206
179
200
95
101
71
46
190
115
86
68
98
64
81
77
63
106
77
88
123
146
173
220
186
200
230
182
145
277
130
203
149
188
338
317
184
162
188
341
359
97
157
229
230
299
233
217
1980
57
108
171
237
80
118
674
156
222
104
133
153
86
57
60
188
157
143
67
188
326
231
601
66
147
189
160
654
239
98
203
143
249
198
255
541
748
277
169
40
89
98
66
94
187
100
66
268
197
1048
218
171
146
455
102
144
69
667
622
253
86
95
67
98
67
120
78
93
91
98
617
194
29
65
67
70
429
32
62
165
23
1788
107
91
98
87
1185
624
1523
399
672
75
88
53
145
43
15
249
101
123
236
112
125
96
62
93
70
64
118
73
121
91
91
175
131
64
6
69
43
77
35
49
96
59
77
69
28
66
97
86
86
83
66
290
235
209
74
117
58
77
65
69
30
58
91
77
92
290
220
112
102
163
66
103
80
103
123
51
70
146
101
52
318
101
137
131
34
79
64
167
115
230
4301
110
892
122
96
58
81
16
77
56
26
91
60
173
110
98
41
74
32
68
101
53
68
89
65
61
92
28
88
59
142
46
58
74
95
68
77
68
244
956
62
560
1172
177
84
72
49
32
67
125
144
149
676
105
164
467
191
239
626
96
1537
161
161
161
233
68
264
188
256
354
172
182
185
173
21
69
395
423
125
394
405
125
397
390
100
107
129
248
191
248
194
191
77
254
205
64
300
85
210
30
158
25
54
185
80
203
242
236
205
6
91
71
100
24
14
206
19
193
182
166
295
124
65
207
112
50
86
312
312
70
78
70
65
92
116
110
82
72
104
63
118
37
45
211
81
112
123
79
43
54
365
343
397
125
405
394
125
375
397
128
173
185
182
191
194
185
191
248
203
239
236
206
482
158
132
277
1103
92
140
77
74
221
302
93
67
73
231
57
46
68
116
69
39
75
47
108
198
67
236
57
46
68
104
69
39
48
275
284
333
295
104
99
222
90
100
90
116
104
83
150
51
111
129
71
64
79
141
80
81
47
152
58
95
55
108
40
193
80
80
53
35
91
50
33
60
48
30
187
203
73
80
143
59
185
168
110
320
101
163
786
180
227
1643
360
2051
281
793
515
1087
265
1195
134
166
255
1436
417
125
56
39
71
83
72
89
50
93
94
158
62
49
57
53
71
49
89
17
50
72
89
61
49
61
36
56
127
227
72
127
32
203
1136
135
85
365
128
124
240
378
78
358
183
177
115
300
208
261
68
68
80
34
327
310
58
96
108
37
55
91
58
41
374
338
50
200
94
79
97
90
63
132
100
1295
77
296
158
91
84
104
66
57
78
59
88
9
66
73
108
170
95
13
153
106
244
42
98
69
97
48
87
72
71
62
58
57
89
57
82
101
59
182
189
731
2522
29
54
100
135
104
55
92
48
81
159
113
79
86
60
85
75
65
116
88
6
590
203
814
355
391
52
69
113
63
31
89
143
233
60
64
102
151
120
121
134
201
356
570
217
87
995
129
281
21
345
34
40
95
37
89
47
120
61
89
74
59
45
898
98
56
54
74
49
62
70
39
138
61
174
197
230
132
161
51
97
919
94
573
1453
1096
161
90
128
103
79
96
68
254
106
83
95
84
44
56
162
1097
108
211
102
113
178
171
71
103
909
119
185
197
114
322
97
33
215
120
151
364
189
553
215
328
42
56
221
68
649
126
172
17
238
71
90
86
164
127
105
182
83
77
119
77
112
64
107
91
73
147
102
73
197
245
243
116
158
31
128
557
949
214
307
254
44
30
51
59
108
85
87
99
1026
1321
179
891
201
585
116
547
85
105
39
168
640
82
144
86
110
39
67
63
40
241
629
231
405
387
208
92
955
128
29
122
57
79
146
125
131
149
122
111
165
520
626
124
76
75
20
76
87
595
294
59
93
91
1008
11
711
56
125
59
80
39
83
70
94
81
62
84
81
48
73
60
69
103
181
9
582
1355
571
412
114
134
152
1182
753
294
1907
87
43
79
162
66
264
77
59
92
79
53
166
27
63
79
84
93
32
1060
141
84
72
89
107
99
104
91
213
49
181
75
98
76
98
57
86
1658
57
56
62
53
56
53
56
62
53
56
23
53
56
62
56
43
81
230
128
1272
499
79
54
53
688
326
77
68
223
53
87
100
166
157
79
84
90
124
96
70
51
51
102
104
99
97
132
98
46
65
37
69
32
98
76
95
57
86
541
566
1108
165
321
1022
405
35
13
39
39
12
36
66
12
15
23
62
86
35
1409
3038
116
90
99
57
109
114
22
73
59
45
555
303
59
86
52
78
82
101
59
115
87
179
120
163
11
26
45
92
451
567
92
45
59
73
566
779
2465
762
106
90
95
87
81
163
183
73
59
45
567
546
442
133
389
59
35
23
41
106
95
3602
109
192
170
92
117
185
283
300
217
190
226
531
39
20
419
567
45
59
73
67
387
104
211
117
212
372
2221
76
252
485
701
4709
85
429
79
1056
247
207
224
954
244
182
237
300
217
185
117
92
223
259
61
2531
1013
4730
85
429
185
130
69
193
1208
31
1056
222
69
54
87
80
221
375
1147
47
498
115
48
182
65
303
166
83
149
64
192
94
357
197
266
1508
311
483
402
238
78
43
596
389
47
89
161
152
283
224
91
52
41
83
131
66
65
61
60
91
80
186
176
149
70
114
52
79
83
189
176
117
340
479
42
171
72
209
25
70
193
187
769
129
134
131
23
31
429
240
194
239
143
196
144
146
282
370
612
369
246
432
124
220
176
174
277
270
282
271
161
42
80
135
457
8
1565
452
16
268
224
101
63
391
161
271
282
270
277
174
176
220
245
124
396
246
369
621
262
261
126
337
144
196
143
239
248
194
240
400
33
89
123
73
134
66
34
150
201
363
391
116
242
237
169
89
144
134
6
101
68
20
137
226
923
391
175
17
242
237
224
191
203
197
157
144
122
40
120
122
193
120
42
268
190
114
37
377
1343
566
2672
512
182
397
439
67
767
29
77
218
1652
1853
641
611
380
1655
121
84
59
53
76
100
52
83
53
57
92
76
55
78
94
46
52
57
49
74
102
76
111
68
70
41
100
94
82
107
81
61
755
40
54
59
53
76
100
52
83
53
57
92
76
55
78
94
46
28
57
49
74
102
76
79
106
68
70
41
69
83
82
138
948
281
35
249
96
53
48
170
289
477
611
276
327
509
413
87
302
55
461
206
254
365
186
302
7
465
347
87
48
170
289
30
182
58
48
149
38
85
86
71
152
1404
541
2450
92
1625
87
274
38
87
274
38
87
125
55
19
85
302
55
295
54
59
87
193
63
391
381
106
1010
1961
43
916
1030
608
121
195
338
550
86
840
854
229
939
114
77
189
963
224
392
165
289
87
316
157
302
165
85
63
238
87
1041
46
689
54
38
115
87
149
38
115
784
242
585
213
340
23
1338
106
348
212
659
296
502
103
1634
1949
582
198
123
72
228
112
387
62
274
63
274
172
82
47
87
316
326
392
87
149
38
115
129
77
193
572
94
321
602
378
151
153
275
169
257
290
83
233
401
1652
504
149
430
226
249
74
65
92
759
230
92
77
253
1044
136
652
49
1805
464
885
270
819
460
233
208
12
1736
1730
1736
313
36
1676
2570
2567
2555
2507
233
460
819
270
886
464
2050
1466
1412
2570
2561
2522
1433
2549
2372
5
782
92
65
74
96
116
90
76
104
190
92
71
14
90
135
136
1167
1041
204
303
160
209
41
2707
2211
91
91
153
53
1512
104
2236
60
61
76
107
31
67
96
3697
133
68
65
85
56
59
43
117
86
91
71
64
65
114
79
58
56
47
53
77
80
71
32
59
49
76
127
74
62
104
65
91
97
128
4
56
38
62
56
71
59
38
91
114
350
110
55
142
26
194
27
86
56
383
80
110
86
34
49
54
97
52
53
45
79
75
46
197
206
235
293
71
49
176
80
588
376
98
60
83
59
143
76
85
46
75
94
53
31
85
131
137
106
36
103
120
72
138
117
94
98
1487
352
251
146
56
236
139
2220
132
101
71
57
372
54
39
35
88
87
27
97
187
255
154
280
180
61
1578
105
111
443
116
41
5
73
54
407
8
17
18
85
125
320
154
50
132
44
102
1743
185
88
104
50
71
29
1909
616
90
148
1020
99
79
163
84
167
669
58
146
73
91
146
59
69
118
74
124
94
158
127
81
68
174
84
72
107
591
277
135
221
43
77
77
104
71
435
175
1163
270
145
50
132
44
102
144
372
127
42
128
98
106
374
146
267
224
178
291
71
44
132
50
151
141
124
184
89
56
92
98
86
1920
46
86
94
68
35
71
122
197
97
103
186
59
130
128
97
46
53
171
732
157
168
28
185
102
83
105
69
92
63
78
157
51
42
227
720
157
101
171
112
60
59
1285
65
357
35
63
110
16
20
60
44
27
103
71
89
41
67
24
493
147
290
338
238
15
164
136
80
301
391
127
363
219
77
38
104
96
112
147
238
6
184
115
54
215
336
57
287
235
1752
158
50
810
50
624
53
807
43
31
783
62
349
2
831
53
355
1322
44
59
88
34
117
81
108
82
127
114
76
126
68
52
57
70
97
59
233
8
43
48
102
32
71
90
182
1238
43
90
106
165
149
90
142
97
51
77
95
15
92
40
106
6
131
120
1207
695
128
959
391
301
102
135
1542
87
108
75
7
55
83
89
73
96
261
368
219
77
38
104
96
112
147
238
26
30
137
139
65
216
87
50
288
215
336
297
235
1752
170
39
810
50
901
215
130
804
62
1369
721
157
101
171
112
60
59
1155
849
62
355
696
181
1543
87
108
75
46
55
83
89
73
96
261
1321
44
59
88
34
117
81
108
82
127
114
76
126
68
52
57
70
97
59
233
1241
43
90
106
165
149
90
142
97
51
77
96
62
40
106
132
120
1208
878
800
103
259
50
28
216
65
139
137
40
25
81
443
113
589
164
42
25
497
518
179
527
388
172
463
63
165
39
126
440
148
179
407
113
119
857
124
358
48
622
40
195
166
103
131
174
62
147
87
85
59
140
111
176
152
118
284
122
173
218
289
232
145
80
158
121
109
61
104
118
74
87
250
231
145
68
186
73
136
274
273
142
122
68
1103
217
219
305
282
583
380
212
155
410
366
363
304
224
224
210
102
224
197
193
372
234
154
143
292
275
290
497
107
310
189
695
542
403
117
137
108
149
261
980
3218
1001
72
386
41
47
41
85
83
106
73
37
611
2912
269
8
26
239
239
245
3158
9
319
143
281
629
488
319
198
174
55
176
266
391
179
47
13
168
84
147
138
254
197
108
334
607
39
134
395
139
66
329
261
10
722
631
636
171
179
16
94
480
698
227
42
1563
421
926
740
836
1876
149
13
288
836
234
343
312
85
108
37
56
110
51
334
462
190
552
80
115
59
80
286
49
106
126
46
102
370
118
45
128
111
188
94
101
44
308
218
7133
311
184
6
322
2300
1422
200
78
81
100
80
94
92
51
88
107
21
53
76
72
120
129
87
163
113
64
138
143
260
96
37
85
288
40
288
40
288
40
288
61
200
136
32
73
215
217
147
15
244
26
1078
208
75
283
267
154
662
43
51
371
11
371
519
38
1035
224
197
229
79
22
272
317
324
52
226
30
197
11
371
230
68
33
363
19
294
66
86
740
236
38
326
38
67
231
46
417
165
88
178
184
167
208
100
45
139
203
74
145
103
70
90
184
149
26
126
128
188
23
71
204
133
520
86
1475
26
116
65
328
20
33
875
162
771
21
65
250
197
1095
505
473
131
68
123
737
173
152
120
111
56
91
108
50
32
59
106
84
47
183
112
87
270
111
61
80
48
68
324
175
118
1412
400
63
137
1479
73
16
109
292
540
36
51
71
318
598
422
49
1296
332
195
347
106
147
188
381
229
333
69
57
224
92
982
82
107
208
68
354
247
249
1187
47
91
97
141
301
181
210
17
23
106
55
238
181
226
143
269
211
42
74
122
136
114
23
305
186
15
114
74
301
2
195
118
245
12
425
236
88
58
246
27
296
234
164
240
98
254
117
236
337
81
277
108
337
333
118
49
151
293
287
335
445
332
171
322
27
512
234
34
356
233
242
326
304
18
253
141
380
241
50
117
337
117
104
337
137
333
118
49
151
83
293
317
260
335
170
296
234
158
240
94
156
66
271
171
322
73
17
769
234
90
162
343
111
76
285
102
63
57
74
30
103
102
62
92
84
60
77
59
92
16
80
109
66
540
206
65
53
140
296
52
60
73
123
94
110
123
103
102
64
93
119
114
139
136
89
127
84
50
47
132
112
80
41
410
120
76
122
61
57
74
129
194
219
18
27
271
148
51
111
236
415
9
296
205
211
192
98
159
277
149
528
234
58
356
208
8
303
118
49
118
83
293
304
129
242
326
41
253
69
425
107
268
179
67
46
46
376
61
67
62
52
162
194
194
31
94
126
209
395
179
155
44
126
94
31
194
216
183
285
147
103
158
336
511
162
103
158
297
508
207
103
137
297
508
187
285
147
37
324
162
285
128
216
157
151
209
353
614
1748
32
161
215
339
247
194
91
162
183
55
201
70
62
247
669
668
959
297
158
103
188
147
285
183
277
116
158
297
508
207
153
297
335
74
98
182
48
520
66
46
376
61
67
102
103
52
162
194
98
153
79
379
61
37
102
103
34
84
215
285
493
889
18
216
189
285
147
308
118
216
183
285
197
291
103
158
297
493
440
413
22
84
388
61
67
105
100
52
162
221
86
42
47
188
141
294
175
237
42
66
80
6
1056
137
126
133
1242
122
364
166
372
117
320
98
137
155
543
519
62
197
1201
136
186
351
26
1029
136
186
351
316
135
67
1175
3053
9
197
61
67
81
158
155
136
186
438
26
346
136
186
438
26
346
136
186
531
382
219
105
186
321
310
121
186
462
26
346
133
135
47
164
149
377
8
740
109
177
1577
7
519
84
154
755
209
152
110
59
130
34
181
461
121
225
260
183
221
547
455
422
594
769
294
291
444
241
186
84
653
52
245
58
87
335
39
133
1043
121
117
194
61
220
604
183
203
232
164
629
182
26
53
125
35
194
54
85
170
93
197
157
118
516
17
69
109
1010
701
470
236
357
107
187
278
125
749
377
368
3584
425
5771
150
161
86
428
94
189
122
55
798
82
401
62
239
152
494
47
4706
175
273
197
55
112
339
249
614
46
1496
161
122
139
73
88
112
152
128
93
509
74
236
932
237
76
331
52
72
153
137
1002
877
69
221
84
225
500
2271
62
100
281
1320
2266
4778
67
81
278
67
170
21
302
143
233
47
153
286
20
86
90
349
29
32
184
327
471
569
743
49
17
256
609
144
615
468
1367
260
654
138
86
188
58
119
119
164
21
3083
17
119
67
114
114
40
124
173
92
170
329
155
161
197
119
189
122
122
86
152
108
144
170
100
222
77
189
77
122
86
131
108
144
174
589
670
52
591
68
67
148
122
122
119
152
108
141
189
60
71
184
122
122
86
131
108
102
231
108
152
119
122
122
62
130
156
2008
2609
403
273
789
100
143
1902
2611
400
274
424
444
97
295
287
167
115
71
60
68
86
38
30
56
78
856
112
207
196
22
272
193
318
1638
4740
172
147
106
182
115
162
89
76
80
77
193
44
23
92
821
824
94
54
71
157
100
44
123
81
38
404
212
81
23
89
10
64
285
120
49
87
159
447
145
171
217
88
27
413
214
103
246
63
109
30
72
250
89
62
146
72
523
110
154
60
146
50
77
110
43
177
368
180
19
125
148
100
575
719
85
53
94
87
77
93
99
162
59
226
106
589
37
178
84
80
81
95
64
113
125
40
91
143
140
47
34
94
65
120
128
126
116
125
141
64
299
186
65
135
79
143
110
236
43
188
210
45
158
260
109
144
89
56
92
89
128
106
141
77
95
95
74
114
46
110
128
144
76
133
123
161
89
118
141
200
110
124
69
67
75
77
107
89
172
98
166
129
864
10
75
80
36
131
79
63
73
107
71
104
131
101
1008
19
118
173
81
244
280
264
1213
1365
459
76
391
313
96
92
242
92
200
230
110
179
49
135
159
1301
199
368
122
191
335
359
119
191
377
122
191
142
66
106
69
92
92
44
77
35
146
101
87
78
63
261
126
195
367
66
103
69
89
143
77
35
140
174
41
45
147
104
204
36
41
62
153
27
275
299
114
57
77
126
26
152
45
89
63
1063
66
95
114
90
254
1489
460
886
94
50
107
131
72
57
32
102
36
51
69
91
58
95
53
56
74
52
120
44
92
158
51
136
71
37
46
150
465
47
83
86
166
71
81
58
74
76
65
56
106
78
38
63
85
318
81
15
76
65
56
461
1496
105
76
75
106
1301
159
135
49
179
110
241
188
222
209
242
146
96
313
939
151
46
37
71
136
51
158
53
92
74
120
52
74
56
53
95
58
91
69
51
66
102
32
57
72
131
107
50
73
888
57
114
299
27
153
62
41
36
204
104
50
291
322
86
79
764
303
45
320
26
48
126
77
6
126
189
367
101
69
89
143
77
35
140
105
76
72
65
106
256
75
3307
212
133
908
299
113
453
239
1092
211
249
610
1005
62
107
129
48
61
60
167
263
69
299
256
284
281
71
65
51
1560
89
134
41
89
38
161
232
75
81
107
96
116
71
74
126
10
91
47
168
52
369
1528
709
1266
338
165
125
107
152
94
96
139
61
72
662
194
83
80
68
91
144
32
71
89
27
187
594
236
137
44
69
332
2648
154
30
3735
68
71
71
65
71
71
172
4229
593
192
249
63
191
187
9
16
114
270
812
420
75
140
188
221
80
321
151
342
251
49
77
342
158
304
83
36
40
90
47
103
1686
1303
181
208
45
1327
1602
2525
104
1024
124
19
53
42
19
1744
612
261
91
292
157
61
431
415
249
1683
1327
45
219
328
232
154
257
153
48
100
12
49
1090
170
112
73
138
125
13
193
250
233
887
158
107
101
71
52
31
60
90
56
135
421
209
310
327
150
178
206
303
48
27
470
93
295
210
17
215
398
88
108
7
927
154
134
251
251
190
486
290
272
119
161
123
77
152
677
172
98
263
291
77
467
206
257
50
71
53
293
347
163
87
961
446
48
64
56
41
80
49
82
33
51
65
41
383
225
232
905
134
97
86
295
1118
84
163
338
305
71
306
172
686
3394
508
126
6
138
100
138
157
973
114
72
100
77
137
162
70
98
62
83
78
64
117
129
81
33
99
81
193
159
91
72
256
53
50
68
43
94
85
87
116
113
40
76
72
193
487
366
405
50
86
44
50
53
80
91
51
731
442
320
67
90
56
92
55
66
106
42
71
77
83
62
97
823
1689
126
217
63
68
89
77
86
92
142
177
110
116
268
39
440
251
166
180
173
130
33
88
164
290
92
717
71
110
77
110
156
155
51
100
53
70
190
270
56
53
52
207
176
240
79
41
66
205
84
86
61
399
162
61
127
256
43
72
107
20
51
55
236
33
55
49
119
386
247
147
106
53
56
64
99
69
124
50
24
34
99
99
183
134
119
236
133
59
33
67
68
110
118
99
86
149
147
297
203
27
69
133
45
243
288
127
103
70
461
151
154
75
82
110
170
96
71
85
158
78
115
497
24
109
110
58
105
84
87
111
82
71
7
129
169
468
213
179
8
125
220
186
107
119
86
728
104
43
80
72
80
104
93
97
77
77
986
83
69
76
92
179
76
157
894
514
67
65
53
97
106
85
95
28
77
97
70
134
115
201
219
219
136
44
109
1170
36
128
400
278
33
90
64
55
47
79
62
81
137
81
55
52
78
200
62
84
82
60
103
97
64
65
92
70
55
67
8
22
910
263
173
281
188
130
73
120
173
234
122
185
229
366
245
255
195
177
83
132
966
6
105
128
354
614
1079
58
102
111
192
257
378
111
242
119
326
107
125
107
119
110
119
240
989
724
303
150
63
460
148
174
290
271
138
355
101
173
525
169
170
101
5
282
38
293
74
213
193
70
125
129
73
142
127
1225
417
95
151
112
58
83
145
94
74
67
83
113
112
871
170
169
522
176
194
349
177
281
304
177
85
455
63
85
59
728
86
101
53
73
64
153
1301
309
1577
98
353
108
575
91
80
61
271
1289
918
212
66
113
76
106
65
129
227
58
119
133
157
47
62
85
87
1035
308
134
163
65
39
32
76
116
49
627
256
40
818
119
73
74
129
838
1001
1286
769
116
56
32
83
78
97
97
329
818
397
160
57
116
177
210
59
143
155
113
188
66
91
84
128
68
156
80
165
63
94
71
53
89
48
103
64
72
53
85
54
83
86
68
73
54
149
280
8
53
108
112
90
114
130
35
102
187
118
189
118
69
116
188
110
272
628
266
894
106
74
55
133
60
82
30
85
14
58
114
114
153
264
396
357
356
95
220
89
135
223
73
66
209
178
450
201
169
167
216
2777
201
75
49
61
98
55
79
247
91
113
701
868
14
6
595
39
31
178
19
70
79
126
104
295
1162
117
61
55
72
120
81
111
217
763
63
93
153
1248
77
1442
574
284
263
1403
333
691
154
231
898
1108
152
152
35
75
98
103
157
106
137
91
86
58
114
137
115
239
2009
88
25
495
1525
308
181
925
580
85
57
71
71
119
62
56
134
116
68
56
62
67
114
3397
226
2011
61
302
1646
358
223
13
301
109
64
88
75
112
108
86
39
109
128
65
67
80
288
63
16
247
265
352
60
364
149
223
94
156
63
286
84
1453
1374
262
268
359
143
102
96
53
124
53
131
86
513
586
41
107
74
48
1509
130
169
71
55
130
121
65
98
60
81
87
40
84
93
78
731
159
68
56
27
810
150
176
1334
1134
68
18
52
79
76
103
64
186
93
24
62
56
92
72
61
96
47
47
53
146
53
107
85
60
125
2261
101
35
221
227
89
290
714
75
56
68
79
106
106
707
305
58
385
578
304
13
69
26
92
61
69
22
160
84
131
9
1042
106
25
71
79
65
44
79
88
114
143
79
72
78
179
307
224
386
713
720
469
1657
71
205
73
51
31
56
74
56
73
78
90
118
77
45
43
335
74
492
121
1868
198
128
117
4
153
273
410
164
230
38
230
146
239
449
712
1482
38
37
524
101
209
114
995
91
353
458
110
134
77
123
76
27
88
33
347
61
96
89
62
83
95
92
117
122
134
169
167
77
101
98
89
89
61
179
346
82
203
114
37
56
94
663
50
55
66
64
83
53
58
60
72
129
65
432
297
606
110
306
297
168
109
37
150
71
94
72
126
65
64
96
132
114
67
56
60
68
134
137
91
53
112
108
229
238
296
586
369
645
368
397
109
173
168
638
63
80
1310
132
39
590
60
92
67
106
112
1147
315
191
211
33
93
274
191
197
211
32
88
274
191
197
253
61
770
1207
90
1894
151
125
149
37
857
95
68
89
1311
1657
151
93
44
117
323
260
632
2687
361
427
222
110
77
50
63
181
81
154
110
111
130
97
501
154
114
180
83
89
74
133
107
63
32
2706
151
147
135
209
221
144
151
1524
196
551
171
288
744
1076
1094
56
27
44
136
129
84
394
65
60
166
88
63
84
80
74
73
155
294
57
99
74
116
62
83
92
68
82
136
128
97
167
98
70
71
65
274
841
40
95
126
90
82
65
141
57
67
32
110
92
94
59
34
196
154
210
134
297
314
70
179
315
268
173
67
293
509
436
315
268
173
67
251
388
406
112
173
277
628
813
123
217
287
1119
9
24
60
293
241
268
306
179
82
390
69
10
34
45
113
127
131
33
156
78
80
110
87
205
80
135
143
81
139
67
63
44
80
64
100
154
105
124
105
43
56
84
73
67
164
74
83
122
86
73
79
82
100
61
143
56
93
148
95
83
91
501
147
109
83
141
100
87
81
109
51
90
86
18
109
25
95
63
133
201
977
35
189
278
73
72
90
194
82
53
89
87
168
757
191
158
51
106
108
22
131
1483
87
76
103
87
80
191
111
199
611
63
116
62
83
269
71
118
136
131
88
158
80
92
125
235
260
67
68
77
68
47
96
70
80
80
62
65
57
123
72
618
92
57
142
129
52
36
75
149
117
83
68
1547
106
101
175
55
109
35
702
68
202
194
81
123
101
43
81
100
77
114
200
128
147
303
143
104
107
128
127
403
258
57
359
422
347
299
287
293
293
320
299
284
299
463
94
156
66
271
177
1288
20
147
125
55
261
70
3239
168
146
573
92
90
64
101
92
80
65
80
59
200
98
62
106
238
74
83
91
62
89
135
778
87
65
123
119
28
243
245
223
536
64
78
64
173
119
80
155
101
79
72
115
93
51
226
121
13
112
54
136
110
84
77
77
171
319
88
148
81
35
73
51
139
138
161
156
253
127
108
110
244
212
278
216
779
93
42
41
162
164
61
71
39
112
110
120
610
578
371
1673
1325
218
862
233
1321
329
231
197
93
105
91
70
105
101
156
162
3105
103
116
166
126
970
15
73
44
89
53
82
59
36
91
85
80
76
66
105
99
107
73
81
56
121
75
38
56
92
79
45
59
44
83
62
101
107
202
84
65
88
45
81
72
30
119
115
81
135
184
74
116
95
63
103
113
116
53
120
91
99
200
81
42
95
77
107
77
89
1203
287
82
96
177
78
332
142
141
47
62
162
105
176
59
109
167
666
83
74
92
62
110
143
107
49
45
68
41
49
74
13
171
378
42
80
158
114
79
65
83
77
74
241
3024
111
598
95
1683
128
202
80
80
56
43
61
131
68
82
159
83
68
100
124
1813
85
143
19
1392
159
228
44
119
125
50
83
17
63
127
133
106
280
42
59
87
82
65
157
413
146
202
80
15
80
71
61
64
131
77
85
809
83
107
107
1299
203
795
154
56
79
146
300
42
180
143
35
50
92
69
106
617
148
193
85
946
425
714
62
153
144
120
151
49
153
66
74
57
49
36
52
469
578
1465
491
104
410
379
1212
129
156
123
67
72
68
203
457
93
312
1146
68
70
34
60
63
80
109
58
82
36
19
628
183
88
1884
116
46
79
68
52
33
31
3398
96
109
90
116
87
61
72
39
96
49
107
61
103
100
71
610
418
237
18
79
59
108
54
47
41
123
543
625
489
284
1844
1615
165
315
317
83
1071
69
108
40
89
48
58
65
80
134
176
68
72
106
563
165
89
129
2142
476
60
68
47
286
62
50
81
89
76
769
362
3045
2851
185
330
136
227
56
102
59
146
72
136
236
110
157
66
181
63
50
77
110
43
174
276
482
282
829
692
143
866
357
263
216
1400
107
65
74
36
334
312
183
121
790
321
796
79
66
62
82
29
47
30
47
145
117
66
374
127
144
110
37
7
94
102
57
38
489
181
184
99
143
246
87
271
116
657
887
299
2036
1008
135
97
371
56
133
254
670
310
140
57
74
115
161
119
182
164
1369
205
201
25
64
59
83
286
111
94
105
67
58
100
393
473
101
61
74
214
61
46
303
475
74
92
99
140
114
63
218
455
303
35
238
211
969
101
29
58
23
177
787
99
78
549
90
44
33
93
105
99
56
235
228
202
308
254
234
334
12
6328
378
395
806
33
111
1257
855
423
459
148
110
162
275
170
631
330
700
187
3110
